-0.0111852991738 -0.9998331542 -0.00871599677847 -0.00260264874994 
-0.970208340075 0.0134657555876 0.242114316721 -0.00433730812704 
-0.242013772195 0.0123424952211 -0.970208580172 0.410062519477 
0.0 0.0 0.0 1.0 
-0.999907317501 0.00932602972524 -0.00862576647495 0.0112974356416 
0.00692814308594 0.93908344426 0.343640381304 0.00117111217147 
0.011719950562 0.34356267243 -0.939061704304 0.416187519768 
0.0 0.0 0.0 1.0 
-0.999993069646 0.00303632593242 -0.00342834570714 0.0106339176473 
-9.5434181172e-05 0.910559882687 0.413374992075 -0.0107056050197 
0.00372176747213 0.413366037267 -0.910554425816 0.41750001983 
0.0 0.0 0.0 1.0 
-0.999808903087 3.50614752966e-06 -0.0128717234813 0.0126170018224 
0.00643741740088 0.869510067089 0.493874339954 -0.0092243056945 
0.018458520102 0.493915218654 -0.869438011056 0.413750019652 
0.0 0.0 0.0 1.0 
-0.999990586113 0.00684690653872 -0.00363967207384 0.00518940740275 
-0.000118482562235 0.823624042423 0.567124901969 -0.011740781612 
0.00433747005799 0.56709483917 -0.823623760193 0.429812520415 
0.0 0.0 0.0 1.0 
-0.999888802439 0.0065470955873 -0.0118830080668 0.004480691984 
-0.000481984304005 0.77690339469 0.629615261077 -0.0139335126404 
0.0149047122727 0.629585777205 -0.776816205507 0.430875020465 
0.0 0.0 0.0 1.0 
-0.99999052775 -0.0012057430234 -0.00329048713819 0.00462562878592 
-0.000227865006906 0.720684375902 0.693256162621 -0.0233190079566 
0.0043465488921 0.693262271088 -0.720683748729 0.444812521127 
0.0 0.0 0.0 1.0 
-0.014728500715 -0.999700378218 -0.00643358124574 -0.00534207491186 
-0.948333460552 0.0203597310772 0.317051004506 -0.000904075559296 
-0.316933303496 0.0135880514211 -0.9483866667 0.40950001945 
0.0 0.0 0.0 1.0 
-0.0186146234624 -0.999821735784 -0.00662741509922 -0.00681398976556 
-0.921771401205 0.013731529991 0.38745905058 -0.00161330719257 
-0.387286689307 0.012959233684 -0.921863092597 0.415625019741 
0.0 0.0 0.0 1.0 
-0.0211408910285 -0.999892442203 0.00158028159095 -0.00262049956441 
-0.88010109917 0.0135854987644 0.474391441789 -0.000911526731488 
-0.474315420333 0.00552614237443 -0.880312593723 0.412875019611 
0.0 0.0 0.0 1.0 
-0.0149625813358 -0.999905899658 0.00494625851284 -0.00262367304254 
-0.875773615524 0.0135941344776 0.482473383949 -0.000912630608849 
-0.482490098874 0.00184155855239 -0.875896665314 0.413375019634 
0.0 0.0 0.0 1.0 
-0.0186952480205 -0.999575648342 -0.0121683149193 0.00444819494322 
-0.790445111317 0.0134706300369 0.612489060646 -0.0116844422499 
-0.61224751016 0.0258276086284 -0.790385401372 0.427750020317 
0.0 0.0 0.0 1.0 
-0.0054092224287 -0.999940763012 0.0108789882489 -0.000614273995572 
-0.700473334616 0.00800427801838 0.713585059251 -0.0235609044636 
-0.713658074855 -0.00737577114788 -0.700484126036 0.464250022051 
0.0 0.0 0.0 1.0 
0.999868334977 -0.00791051193105 0.0131636561495 0.00218671899632 
-0.0133578948439 -0.941888276068 0.335716462952 0.00250664782931 
0.00921299923029 -0.335833141913 -0.941871102996 0.406812519323 
0.0 0.0 0.0 1.0 
0.999689934392 -0.00886362056271 0.0246188466702 0.00285254603804 
-0.0134921899751 -0.912132627425 0.409492172722 -0.00157060913755 
0.0209283512112 -0.409799348728 -0.911981399409 0.404625019219 
0.0 0.0 0.0 1.0 
0.999784476494 -0.0111253194505 0.0141605710505 -0.000540012007416 
-0.0201732924224 -0.871590576279 0.489952103266 -0.00431681482542 
0.00490294139256 -0.490108247848 -0.871634335449 0.408125019385 
0.0 0.0 0.0 1.0 
0.999772430388 -0.010302165156 0.00776541329501 -0.00127179730196 
-0.0207562153561 -0.822117974748 0.56917121339 -0.0179801537305 
-0.00492615065512 -0.569223946254 -0.822182357026 0.424250020151 
0.0 0.0 0.0 1.0 
0.999733197945 -0.0186262293526 0.019920199145 -0.00340264428944 
-0.0216334013846 -0.776050696979 0.63009160017 -0.0193975884958 
0.00809499044435 -0.630395415036 -0.776265264624 0.424187520148 
0.0 0.0 0.0 1.0 
0.999876664747 -0.0163901416079 0.0140220101734 -0.00502445415488 
-0.0149006351849 -0.709221792686 0.704657200617 -0.0179874707971 
0.00496249581986 -0.704794872312 -0.709409340824 0.441875020988 
0.0 0.0 0.0 1.0 
