0.0317668355374 0.999624866519 -0.00170104430289 -0.00528010945196 
0.972634415071 -0.02620897566 0.230327490562 -0.0130886898548 
0.230158994566 -0.00795083841767 -0.973111686056 0.404750019225 
0.0 0.0 0.0 1.0 
0.998335490717 -0.0465718307776 -0.0316725162152 -0.00127217202126 
-0.0423802054738 -0.985625268505 0.163952081299 0.0118494856759 
-0.0391173383483 -0.162400414603 -0.985959718627 0.424375020157 
0.0 0.0 0.0 1.0 
0.998334106391 -0.0341275843172 -0.047876461248 0.00293978794653 
-0.0285479226279 -0.996709894632 0.075105452583 0.0130395808747 
-0.0501400850673 -0.0735166235075 -0.996025609837 0.417000019806 
0.0 0.0 0.0 1.0 
0.998636380017 -0.035911764456 -0.0435821848647 0.00306095726387 
-0.0290479703628 -0.999322753613 -0.00645513783318 0.00921634968531 
-0.0433773664982 0.00802367032985 -0.99902899075 0.434187520623 
0.0 0.0 0.0 1.0 
0.998511001119 -0.035132869105 -0.0380259475818 0.00302218308232 
-0.0428854600683 -0.993807824686 -0.104071403862 0.0126874744641 
-0.0337137651307 0.105411996949 -0.993842628492 0.428687520362 
0.0 0.0 0.0 1.0 
0.998874150226 -0.0298296397408 -0.0362002279065 0.002400049241 
-0.0368651896326 -0.9819651112 -0.185593445774 0.0102250933009 
-0.0298561518394 0.186694169641 -0.981959579812 0.446500021208 
0.0 0.0 0.0 1.0 
0.998764530738 -0.0275155092068 -0.0408416210039 -0.005268214802 
-0.0382961961901 -0.962247582413 -0.269575455933 0.0113856413169 
-0.0316672306616 0.270781252846 -0.962112797728 0.463312522006 
0.0 0.0 0.0 1.0 
0.0521288187162 0.999092656479 -0.00764141263469 0.00855181497532 
0.988981536358 -0.0404297098608 0.139136837205 -0.0107248366455 
0.138557233669 -0.0133903820355 -0.9902436818 0.418250019866 
0.0 0.0 0.0 1.0 
0.0401026228639 0.998808624355 -0.0107366793162 -0.00673611559681 
0.997462363583 -0.0468860483021 0.0593011037581 -0.00984796748456 
0.0588269740496 -0.0135288723974 -0.99818239957 0.410875019516 
0.0 0.0 0.0 1.0 
0.0479749373785 0.998692100541 -0.0172774361437 0.00585417879571 
0.998052382635 -0.0487654431651 -0.0390836989732 -0.00307837512549 
-0.0398728842808 -0.0153629382133 -0.999086560151 0.425812520225 
0.0 0.0 0.0 1.0 
0.045372867986 0.999000792062 -0.0203203108798 0.00957850539331 
0.991173534284 -0.0420210548824 -0.123751433673 -0.00530471529127 
-0.124564552682 -0.0152200001973 -0.992105169642 0.433000020566 
0.0 0.0 0.0 1.0 
0.0501535129094 0.998658494593 -0.0232546610815 0.0104984362042 
0.975427423171 -0.0501720310993 -0.213608215353 -0.0039280252386 
-0.214536633861 -0.0128054079518 -0.976642591264 0.441187520955 
0.0 0.0 0.0 1.0 
0.0433154542637 0.998944952504 -0.0250466626958 -0.00211716100692 
0.95202603915 -0.0442672575035 -0.302090437015 -0.00403430839777 
-0.302935953962 -0.0122225929962 -0.952950173174 0.453125021522 
0.0 0.0 0.0 1.0 
-0.999164904217 0.0370806420022 0.00928227731296 0.0222766737067 
0.0407854362144 0.985052069312 0.167987440143 -0.0043683786166 
-0.00245812419281 0.16821844944 -0.985745433305 0.413000019616 
0.0 0.0 0.0 1.0 
-0.999087554274 0.037044659171 0.0149154089636 0.0155093425339 
0.0409053355669 0.99718057538 0.0647437116589 0.00396544138833 
-0.0122805707446 0.0652578984666 -0.997790450133 0.417000019806 
0.0 0.0 0.0 1.0 
-0.999099338823 0.0410787237353 0.00977131542442 0.0241468410482 
0.0412900856644 0.999155912987 -0.000401732263837 0.000480517823244 
-0.00977957000975 0.0 -0.99995217886 0.42150002002 
0.0 0.0 0.0 1.0 
-0.999316732277 0.0392563870579 0.00883796914997 0.00728779095083 
0.0348638374398 0.994552857751 -0.0969748244966 0.00191292127373 
-0.0122711625121 -0.0965585274031 -0.995247594177 0.426250020246 
0.0 0.0 0.0 1.0 
-0.999323197131 0.0394951906377 -0.00451858937049 0.00766714077305 
0.0367393399609 0.984276761841 -0.172117669548 -0.00399257417297 
-0.00183536771874 -0.172160930572 -0.985066033411 0.4484375213 
0.0 0.0 0.0 1.0 
-0.999499908011 0.0386065947179 0.00260489384225 0.0175485718984 
0.0296323221831 0.961958118733 -0.27075311615 -0.00175256107656 
-0.0110389930508 -0.270455372747 -0.962645295331 0.451500021445 
0.0 0.0 0.0 1.0 
