0.00064593844943 -0.999997559649 0.00211269016657 -0.154104963658 
-0.999999781077 -0.000645633699357 0.00014492623662 0.0485929778016 
-0.000143561858981 -0.00211278331749 -0.999997757766 0.275640355915 
0.0 0.0 0.0 1.0 
0.999991127382 -0.000787662821828 0.00413820539099 -0.164387554756 
-0.00113903997957 -0.996328336997 0.0856069359654 0.0310548310504 
0.00405558189461 -0.0856108899892 -0.996320394136 0.275987408846 
0.0 0.0 0.0 1.0 
0.999997146027 0.000518256460391 0.00233224090834 -0.165065081307 
0.000108002641226 -0.984996958213 0.172571668145 0.0021193777707 
0.00238668658244 -0.172570923742 -0.984994203032 0.28552056598 
0.0 0.0 0.0 1.0 
0.999995041381 0.000993929741874 0.00298819617797 -0.168245595953 
0.000186504483892 -0.965912901745 0.258867208157 -0.0292145100928 
0.00314363305863 -0.258865367222 -0.965908297523 0.277162725567 
0.0 0.0 0.0 1.0 
0.999994035323 0.00215160098955 0.00270183848053 -0.165651646773 
0.00109733770425 -0.939647288103 0.342142908463 -0.05919455252 
0.00327493022154 -0.342137902862 -0.939644044443 0.280348151358 
0.0 0.0 0.0 1.0 
0.999997201336 0.00140896813717 0.00190056011497 -0.16841867541 
0.000474663093739 -0.906474345106 0.422260626107 -0.0826304901542 
0.00231776075331 -0.422258542215 -0.906472476974 0.282575798762 
0.0 0.0 0.0 1.0 
0.999999139742 0.000246868322984 0.00128824350709 -0.166997786292 
-0.000431124765062 -0.865703532533 0.500556897756 -0.114891708136 
0.00123880859675 -0.500557022541 -0.865702681374 0.277750908866 
0.0 0.0 0.0 1.0 
0.000958906864628 0.996444671896 -0.0842442659642 -0.137624236198 
0.999998754889 -0.00106107930932 -0.00116804571118 0.056146975164 
-0.00125328277298 -0.0842430410237 -0.996444448688 0.281793122418 
0.0 0.0 0.0 1.0 
0.00172148426129 0.985430415474 -0.170070375878 -0.107864451943 
0.99999815948 -0.00184046698432 -0.000541958302129 0.0520946719521 
-0.00084707110665 -0.170069129887 -0.985431770104 0.274799794183 
0.0 0.0 0.0 1.0 
0.00101854104058 0.966642407611 -0.256127738407 -0.0874179828905 
0.999999469787 -0.00102340861942 0.000114280198145 0.0518094527209 
-0.00015165524928 -0.256127719003 -0.966642937469 0.273249821495 
0.0 0.0 0.0 1.0 
0.00092067745787 0.966597705643 -0.256296757291 -0.0874540127288 
0.999999564559 -0.000928991628898 8.86311639513e-05 0.051799178524 
-0.000152426862313 -0.25629672729 -0.966598140049 0.273298032584 
0.0 0.0 0.0 1.0 
0.0010269009854 0.940169603993 -0.340705240936 -0.0579315696262 
0.999999419434 -0.00107670345836 4.29007934003e-05 0.0428094322812 
-0.000326504489255 -0.340705087189 -0.940170163831 0.273661920803 
0.0 0.0 0.0 1.0 
-0.00159411704761 0.90699733356 -0.421133346704 -0.0333020096349 
0.999997472168 0.000778066499608 -0.00210956644593 0.0545242752655 
-0.00158570139248 -0.421135645046 -0.906996281152 0.281658062385 
0.0 0.0 0.0 1.0 
-0.000341998052167 0.867159030444 -0.498031222874 0.00840917707857 
0.999999880461 0.000122530332623 -0.000473353308026 0.0469229701572 
-0.00034944866425 -0.498031325226 -0.86715896869 0.28193387438 
0.0 0.0 0.0 1.0 
-0.963457061278 0.219338828752 0.153756200772 0.0662149283275 
-0.105377401282 -0.838090229414 0.535257293888 0.400775216819 
0.246264277501 0.499494990529 0.83057730529 0.886749943686 
0.0 0.0 0.0 1.0 
-0.999995333456 -0.00161098182595 0.0025957280145 -0.163296170822 
-0.00183397696882 0.996089377554 -0.0883322616779 0.0791030083608 
-0.00244327543405 -0.0883366099769 -0.996087683762 0.276258146541 
0.0 0.0 0.0 1.0 
-0.999994147965 -6.24962088048e-05 0.00342054514804 -0.160950326576 
-0.000950280099943 0.965561778903 -0.260172150872 0.130600141587 
-0.0032864878849 -0.260173878812 -0.965556187791 0.27456374241 
0.0 0.0 0.0 1.0 
-0.999997406329 0.00117375970002 0.00195182561552 -0.155270370878 
0.000430417044738 0.938926370774 -0.344117835931 0.15210913097 
-0.00223653218944 -0.344116103303 -0.938924440715 0.2725628377 
0.0 0.0 0.0 1.0 
-0.999997936049 6.0148409056e-05 0.0020308323819 -0.153848574372 
-0.000807469553152 0.905464103417 -0.424422084035 0.177936187943 
-0.00186437413499 -0.424422847884 -0.905462186015 0.285907642797 
0.0 0.0 0.0 1.0 
