0.00175542347466 -0.999997144951 -0.0016212892855 0.296398513141 
-0.999998449074 -0.0017556523661 0.00013976623752 -0.0842670505396 
-0.000142612258851 0.00162104142207 -0.999998675942 0.276612057621 
0.0 0.0 0.0 1.0 
-0.999993229857 -0.000887314946831 -0.00357112204194 0.290550163533 
-0.000577753756226 0.996314795621 -0.0857700077334 -0.0604062570239 
0.00363406673721 -0.085767363829 -0.996308563077 0.280309767366 
0.0 0.0 0.0 1.0 
-0.99998592491 -0.00282841850829 -0.00448887861144 0.290528703559 
-0.00201115834368 0.984988072565 -0.172610695346 -0.0439379565317 
0.0049097071769 -0.172599237989 -0.984979897166 0.283375011666 
0.0 0.0 0.0 1.0 
-0.999988491526 -0.00283165738194 -0.00387279389887 0.288450887925 
-0.00172611373994 0.965534537507 -0.260269240236 -0.016313938546 
0.00447630958141 -0.260259560052 -0.96552831344 0.274938134614 
0.0 0.0 0.0 1.0 
-0.99999248386 -0.00274879808588 -0.00273428821283 0.295113374208 
-0.00164905990718 0.939808839179 -0.341696687724 0.0149500006022 
0.00350896343245 -0.341689610479 -0.939806308378 0.28212657922 
0.0 0.0 0.0 1.0 
-0.999990347335 -0.00296409552644 -0.00324335858655 0.295860707899 
-0.00131306771836 0.906042313539 -0.423185068179 0.041050086493 
0.00419298108484 -0.423176724565 -0.906037459874 0.273953628404 
0.0 0.0 0.0 1.0 
-0.999997251226 -0.002131897549 -0.000975987933814 0.294818066674 
-0.0013549522135 0.865151666338 -0.501508482817 0.069064271831 
0.00191354229259 -0.501505781867 -0.865152176851 0.278002512973 
0.0 0.0 0.0 1.0 
-0.00194944327646 -0.996429178414 0.0844102604928 0.270578205388 
-0.999997186443 0.00205657197456 0.0011822085465 -0.0815033774414 
-0.0013515828668 -0.0844077183512 -0.996430384074 0.275692964355 
0.0 0.0 0.0 1.0 
-0.000631538881094 -0.985519222327 0.169562565393 0.24358324624 
-0.999999734666 0.000683958505962 0.000250736601421 -0.0795340613443 
-0.000363079499335 -0.169562362052 -0.985519392782 0.279173226956 
0.0 0.0 0.0 1.0 
-0.000377013270378 -0.966622565815 0.256204358116 0.217316624803 
-0.999997161854 0.000967143283636 0.00217736468685 -0.0846152344638 
-0.00235247616451 -0.256202810076 -0.966620187025 0.270746406548 
0.0 0.0 0.0 1.0 
-0.000283270458411 -0.966591042476 0.256323382396 0.217361256229 
-0.999997297835 0.00086524583731 0.00215770086109 -0.084605545939 
-0.0023073970643 -0.256322078555 -0.966588675686 0.270800408543 
0.0 0.0 0.0 1.0 
-0.000117295468838 -0.907235058762 0.420623982191 0.162986529792 
-0.999997844051 0.000978449715151 0.00183153767137 -0.091650109898 
-0.00207319460247 -0.420622860516 -0.907233217577 0.273842366663 
0.0 0.0 0.0 1.0 
-0.000114290121985 -0.865702520456 0.500558820733 0.121091624701 
-0.99999999084 0.000135238847208 5.5667582667e-06 -0.0816157125092 
-7.25141545378e-05 -0.500558815512 -0.865702527982 0.283152029494 
0.0 0.0 0.0 1.0 
0.999996578226 0.00196644318131 -0.00172529369999 0.288741008554 
0.00210807062832 -0.996263165543 0.0863438533985 -0.117352436939 
-0.00154905628128 -0.0863471949903 -0.996263901957 0.275066661464 
0.0 0.0 0.0 1.0 
0.999991297841 -0.00198419303188 -0.00366977107036 0.290257572938 
-0.00131760163839 -0.984841608331 0.173451060608 -0.138945799169 
-0.00395830362897 -0.173444715913 -0.984835652459 0.272401300057 
0.0 0.0 0.0 1.0 
0.999996687701 -0.000806758685561 -0.00244412103259 0.286557665644 
-0.000143843488377 -0.965639088095 0.259886765444 -0.162603601348 
-0.00256980471039 -0.25988555305 -0.965636005656 0.270887112144 
0.0 0.0 0.0 1.0 
0.999995347647 -0.00163805435458 -0.00257322005074 0.286248756038 
-0.000658198005994 -0.939579896768 0.342329058605 -0.185386681218 
-0.00297849943479 -0.342325772281 -0.939576603675 0.285071230894 
0.0 0.0 0.0 1.0 
0.999998409402 -0.00100973842946 -0.00147024536788 0.283870022443 
-0.000292957651065 -0.906109692616 0.423042715483 -0.20994091575 
-0.00175936606549 -0.423041611872 -0.906108547171 0.277924920248 
0.0 0.0 0.0 1.0 
0.999994551191 -0.00228719558745 -0.00238040433522 0.283788247136 
-0.000788132998225 -0.865644530238 0.500658492503 -0.248867659505 
-0.00320568788741 -0.500653888435 -0.865641616121 0.27808401033 
0.0 0.0 0.0 1.0 
