0.000105380375945 -0.999995543364 -0.00298364675211 0.287182060177 
-0.999999606726 -0.000108007243339 0.000880274277228 -0.0913292161286 
-0.000880592609626 0.00298355281508 -0.999995161473 0.27396423245 
0.0 0.0 0.0 1.0 
-0.999993365088 -0.00101479949414 -0.00349856559532 0.291253485913 
-0.000711208544275 0.996319896865 -0.0857097269429 -0.0693487259791 
0.00357266870065 -0.0857066700567 -0.996314008105 0.28603913359 
0.0 0.0 0.0 1.0 
-0.999989612794 -0.00274753186002 -0.0036366704774 0.295141851563 
-0.0020763044399 0.984891002474 -0.173162935426 -0.0426909128453 
0.00405749471422 -0.173153585912 -0.984886476921 0.275256532843 
0.0 0.0 0.0 1.0 
-0.99999638356 -0.00151131156821 -0.00222459059245 0.294849221495 
-0.00088671723251 0.966196618764 -0.25780478588 -0.0122046842899 
0.00253901526379 -0.257801880961 -0.966194464678 0.287442585812 
0.0 0.0 0.0 1.0 
-0.999994235722 -0.00169904281937 -0.00293968975102 0.294615073308 
-0.000592740228526 0.939855210232 -0.341572587393 0.012010277397 
0.00334322918087 -0.341568876001 -0.939850799737 0.275726935811 
0.0 0.0 0.0 1.0 
-0.999991416964 -0.00195218054705 -0.00365444789838 0.294171942964 
-0.000222647521947 0.90608347456 -0.423098909898 0.0442751178191 
0.00413720031075 -0.423094464771 -0.906076132262 0.28275716707 
0.0 0.0 0.0 1.0 
-0.999996526606 -0.00240499458608 -0.00107832158559 0.28516002751 
-0.0015441237595 0.866140121009 -0.499798866005 0.0747215697086 
0.0021359911555 -0.499795464945 -0.866140826172 0.287434979293 
0.0 0.0 0.0 1.0 
-0.0014193577153 -0.996540328985 0.0830984845189 0.264519194987 
-0.999998354893 0.00150830270966 0.00100758875054 -0.0795081417793 
-0.00112944049431 -0.0830969176841 -0.996540830391 0.284681890855 
0.0 0.0 0.0 1.0 
-0.000639912409733 -0.985683570044 0.168604538068 0.237847761301 
-0.999999451074 0.00077063842158 0.000709907179839 -0.0949962177055 
-0.000829676978511 -0.168603991238 -0.985683522118 0.274118463617 
0.0 0.0 0.0 1.0 
-0.000483489673849 -0.966922091612 0.255071431154 0.218296321928 
-0.999997758841 0.000993249644236 0.00186969756303 -0.0821078794604 
-0.00206120148657 -0.255069955518 -0.966920404811 0.282443741065 
0.0 0.0 0.0 1.0 
0.000865632831292 -0.941003181745 0.338396605517 0.19005932862 
-0.999998245071 -0.00025232095389 0.00185639123293 -0.0785986563708 
-0.00166148550246 -0.338397618608 -0.941001748769 0.282337720173 
0.0 0.0 0.0 1.0 
1.22630525565e-05 -0.90819239272 0.418552956811 0.161314319369 
-0.999999478745 0.000416188511843 0.000932360601465 -0.0774366296278 
-0.00102095973774 -0.418552750072 -0.908191914216 0.279698327629 
0.0 0.0 0.0 1.0 
-0.00178027633876 -0.866475568872 0.499216304986 0.130052808524 
-0.999997874218 0.00206189244299 1.26335481261e-05 -0.0928580868142 
-0.00104027698747 -0.49921522127 -0.866477397672 0.277753990548 
0.0 0.0 0.0 1.0 
0.99999882498 -0.000610672096544 -0.00140610051327 0.281567890437 
-0.000485234819843 -0.996160684277 0.0875423077644 -0.111765212698 
-0.00145416169408 -0.0875415226115 -0.996159810087 0.279567932595 
0.0 0.0 0.0 1.0 
0.999996814876 -0.000866264345149 -0.00237061674223 0.288601053464 
-0.000439991348584 -0.984705431107 0.174226922019 -0.130534949054 
-0.00248528575166 -0.174225324034 -0.984702675847 0.277576797689 
0.0 0.0 0.0 1.0 
0.999991300463 -0.00179663164728 -0.00376445397155 0.280439066187 
-0.000760282866618 -0.965873523928 0.25901304551 -0.160663274105 
-0.00410133745779 -0.259007930167 -0.965866487224 0.276479150036 
0.0 0.0 0.0 1.0 
0.999994226702 -0.000696341788357 -0.0033259090478 0.296132484567 
0.000484945510218 -0.939513191951 0.342512374926 -0.186251670843 
-0.00336324110533 -0.342512010385 -0.939507430174 0.273006671897 
0.0 0.0 0.0 1.0 
0.999996863189 -0.000230627162614 -0.00249407761678 0.294926524504 
0.00084567920976 -0.906190325587 0.422869221674 -0.221974321851 
-0.00235763413634 -0.422870004403 -0.906187288003 0.282919077398 
0.0 0.0 0.0 1.0 
0.999996161671 -0.00145219720413 -0.00235961152299 0.284638037989 
-7.71625003173e-05 -0.865904111608 0.500210019437 -0.247043139954 
-0.00276960091127 -0.500207917393 -0.865900900039 0.272191613398 
0.0 0.0 0.0 1.0 
